non:7:22.896117569s
oui:8:21.904122946s
potetr:6:13.000076813s
ohah:5:19.896140166s
no:6:8.287966693s
boo:4:12.576119586s
:7:23.664172152s
better:8:21.680258848s
better:7:17.016010975s
oohooh:5:9.688498547s
aahaah:6:11.536022093s
iihiih:7:19.400118449s
